Epoch: 0 Loss per unit: 8.819415937177837e-06
Epoch: 0 MSE Loss per unit: 9.39917002338916e-06
Epoch: 0 TVD Loss per unit: 7.435678926412947e-07
Epoch: 0 Cluster Alignment Loss per unit: 5.813192179426551e-05